109325
114116
115219
119126
122418
123824
130518
141119
143426
146634
147030
149741
151728
153126
153833
154330
155635
156637
160830
165032
172635
180129
182032
183337
186949
198249
199958
200917
204218
207426
208428
211720
212318
248238
250427
286347
293748
298051
298455
303119
311320
314225
342129
368753
376247
378756
385046
392447
419239
433839
453542
462139
465852
518746
555348
555651
562345
569965
571548
578057
578158
579665
609143
615441
656253
689470
701535
727553
748662
757764
788876
825654
827052
877168
878877
888678
905147
922854
929464
995174
